[gd_scene load_steps=2 format=3 uid="uid://bp681j23xydq1"]

[ext_resource type="PackedScene" uid="uid://bo3k3ehxv3e5w" path="res://assets/models/character/m4a1.fbx" id="1_vj3on"]

[node name="m4a1" instance=ExtResource("1_vj3on")]
transform = Transform3D(1.695, 0, 0, 0, -7.4090806e-08, 1.695, 0, -1.695, -7.4090806e-08, 0, 0, 0)

[node name="Armature" parent="." index="0"]
transform = Transform3D(11.072802, -1.3936838, -5.014972, 4.3387003, 8.9836235, 7.0830355, 2.87541, -8.188491, 8.624378, 0.9314804, -1.3027987, -1.1574093)

[node name="Barrel" parent="Armature/Skeleton3D" index="0"]
transform = Transform3D(-0.91015625, 0.3575023, 0.20930393, 0.12764375, -0.23864773, 0.9626813, 0.39411056, 0.9029062, 0.17157377, -0.017111557, 0.019736398, 0.14221558)
bone_idx = 0

[node name="GasBlock" parent="Armature/Skeleton3D" index="1"]
transform = Transform3D(-0.91015625, 0.3575023, 0.20930393, 0.12764375, -0.23864773, 0.9626813, 0.39411056, 0.9029062, 0.17157377, -0.017111557, 0.019736398, 0.14221558)
bone_idx = 0

[node name="GasBlowBack" parent="Armature/Skeleton3D" index="2"]
transform = Transform3D(-0.91015625, 0.3575023, 0.20930393, 0.12764375, -0.23864773, 0.9626813, 0.39411056, 0.9029062, 0.17157377, -0.017111557, 0.019736398, 0.14221558)
bone_idx = 0

[node name="Handguard" parent="Armature/Skeleton3D" index="3"]
transform = Transform3D(-0.91015625, 0.3575023, 0.20930393, 0.12764375, -0.23864773, 0.9626813, 0.39411056, 0.9029062, 0.17157377, -0.017111557, 0.019736398, 0.14221558)
bone_idx = 0

[node name="Reciever" parent="Armature/Skeleton3D" index="4"]
transform = Transform3D(-0.91015625, 0.3575023, 0.20930393, 0.12764375, -0.23864773, 0.9626813, 0.39411056, 0.9029062, 0.17157377, -0.017111557, 0.019736398, 0.14221558)
bone_idx = 0

[node name="SlideInterior" parent="Armature/Skeleton3D" index="5"]
transform = Transform3D(-0.91015625, 0.3575023, 0.20930393, 0.12764375, -0.23864773, 0.9626813, 0.39411056, 0.9029062, 0.17157377, -0.017111557, 0.019736398, 0.14221558)
bone_idx = 0

[node name="Stock" parent="Armature/Skeleton3D" index="6"]
transform = Transform3D(-0.91015625, 0.3575023, 0.20930393, 0.12764375, -0.23864773, 0.9626813, 0.39411056, 0.9029062, 0.17157377, -0.017111557, 0.019736398, 0.14221558)
bone_idx = 0

[node name="Trigger2" parent="Armature/Skeleton3D" index="7"]
transform = Transform3D(-0.9101563, -0.23595631, -0.34050044, 0.12764356, 0.62221724, -0.7723692, 0.39411038, -0.7464385, -0.53619665, -0.010604786, 0.0184847, 0.15764767)
bone_idx = 1

[node name="Magazine" parent="Armature/Skeleton3D" index="8"]
transform = Transform3D(-0.9101563, -0.15521465, -0.38408887, 0.12764357, 0.7769753, -0.61645544, 0.39411038, -0.6100969, -0.6873565, -0.007921859, 0.027075753, 0.1610427)
bone_idx = 3

[node name="ChargingHandle2" parent="Armature/Skeleton3D" index="9"]
transform = Transform3D(-0.91015637, 0.3456893, -0.2282862, 0.1276442, 0.7582686, 0.63932496, 0.39411, 0.55274606, -0.7342678, -0.012858224, 0.004011873, 0.15711614)
bone_idx = 5

[node name="Safety2" parent="Armature/Skeleton3D" index="10"]
transform = Transform3D(-0.9101563, -0.23595631, -0.34050044, 0.12764356, 0.62221724, -0.7723692, 0.39411038, -0.7464385, -0.53619665, -0.013257555, 0.015076055, 0.15703438)
bone_idx = 7

[node name="SlideCover2" parent="Armature/Skeleton3D" index="11"]
transform = Transform3D(-0.9101563, -0.23595631, -0.34050044, 0.12764356, 0.62221724, -0.7723692, 0.39411038, -0.7464385, -0.53619665, -0.0039528487, 0.020538598, 0.16488639)
bone_idx = 9

[node name="Slide2" parent="Armature/Skeleton3D" index="12"]
transform = Transform3D(-0.9101563, -0.23595631, -0.34050044, 0.12764356, 0.62221724, -0.7723692, 0.39411038, -0.7464385, -0.53619665, -0.005022349, 0.019416437, 0.16624871)
bone_idx = 11

[node name="BlowBackTube2" parent="Armature/Skeleton3D" index="13"]
transform = Transform3D(-0.977232, -0.006543413, -0.21207386, -0.15988678, 0.67977595, 0.71578056, 0.13947906, 0.733391, -0.6653446, -0.0093759205, 0.0068363063, 0.15441443)
bone_idx = 13
